[Eftimie-Murgu1.jpg]
backuphash=4826
text=2;153;23;TINUTUL MORILOR DE APĂ;Segoe UI Black;0.040307,0.020997,0.085394,0.000000;v1,4291064632,4278190080,128.000000,1.000000,0.672897,1.000000,400,2,49152;;130;1;,;Segoe UI Black;0.050209,0.083958,0.038735,6.283185;v1,4291064632,4278190080,128.000000,1.000000,0.672897,1.000000,400,2,49152;;
textactive=1
moddate=5b445a547066d201
